moldeado_alterna_05 106496 60.2 3.0 0.69 60.6 208s
moldeado_alterna_05 212992 896.2 31.7 1.79 1000.0 412s
moldeado_alterna_05 319488 1103.2 12.8 9.44 1000.0 615s
moldeado_alterna_05 425984 1314.1 21.1 17.79 1000.0 823s
moldeado_alterna_05 532480 1443.1 12.2 20.94 1000.0 1062s
moldeado_alterna_05 638976 1482.8 13.4 20.38 1000.0 1313s
moldeado_alterna_05 745472 1518.9 8.2 20.21 1000.0 1557s
moldeado_alterna_05 851968 1543.8 10.9 20.72 1000.0 1826s
moldeado_alterna_05 958464 1569.1 5.3 20.46 1000.0 2112s
moldeado_alterna_05 1064960 1572.6 6.8 20.41 1000.0 2464s
