moldeado_completa 106496 29.0 3.2 0.4 45.8 475s
moldeado_completa 212992 524.3 13.0 2.48 1000.0 964s
moldeado_completa 319488 1176.6 20.0 17.1 1000.0 1415s
moldeado_completa 425984 1252.4 14.6 19.5 1000.0 618s
moldeado_completa 532480 1041.0 506.4 15.7 806.2 1161s
moldeado_completa 638976 1300.5 10.6 19.04 1000.0 1677s
moldeado_completa 745472 1315.8 7.4 19.43 1000.0 2132s
moldeado_completa 851968 1325.7 3.4 19.86 1000.0 2569s
moldeado_completa 958464 1082.3 524.7 15.79 806.4 2939s
moldeado_completa 1064960 1362.7 3.5 19.86 1000.0 3292s
