moldeado_lento 106496 60.3 12.7 0.44 53.8 469s
moldeado_lento 212992 930.0 20.7 1.35 1000.0 952s
moldeado_lento 319488 906.0 6.0 0.67 1000.0 1405s
moldeado_lento 425984 97.0 12.5 0.61 81.4 572s
moldeado_lento 532480 862.2 10.2 0.59 1000.0 1142s
moldeado_lento 638976 1189.8 100.3 5.86 1000.0 1653s
moldeado_lento 745472 1261.0 31.2 6.53 1000.0 2109s
moldeado_lento 851968 1374.4 6.0 9.17 1000.0 2565s
moldeado_lento 958464 1388.7 5.6 9.15 1000.0 2943s
moldeado_lento 1064960 1401.6 7.9 9.51 1000.0 3294s
