moldeado_alterna_1 106496 161.9 19.6 1.17 108.4 208s
moldeado_alterna_1 212992 935.3 12.0 0.37 1000.0 413s
moldeado_alterna_1 319488 1214.8 40.5 5.72 1000.0 617s
moldeado_alterna_1 425984 1497.0 29.2 11.89 1000.0 826s
moldeado_alterna_1 532480 1727.0 8.3 15.96 1000.0 1076s
moldeado_alterna_1 638976 1782.5 13.9 16.25 1000.0 1325s
moldeado_alterna_1 745472 1819.4 14.7 18.15 1000.0 1571s
moldeado_alterna_1 851968 1870.8 7.3 18.81 1000.0 1841s
moldeado_alterna_1 958464 1520.7 724.5 15.6 814.4 2138s
moldeado_alterna_1 1064960 801.7 899.6 7.9 437.4 2470s
