moldeado_zancada_1 106496 544.8 318.2 2.6 273.8 295s
moldeado_zancada_1 212992 2017.8 86.7 7.21 989.8 653s
moldeado_zancada_1 319488 1502.7 559.3 4.31 824.0 943s
moldeado_zancada_1 425984 1901.5 6.3 8.31 1000.0 1226s
moldeado_zancada_1 532480 2133.1 38.0 11.76 1000.0 1511s
moldeado_zancada_1 638976 2278.4 16.9 13.9 1000.0 1795s
moldeado_zancada_1 745472 2417.6 16.1 15.09 1000.0 2079s
moldeado_zancada_1 851968 2583.4 13.9 17.02 1000.0 2361s
moldeado_zancada_1 958464 2642.7 4.3 17.53 1000.0 2643s
moldeado_zancada_1 1064960 2579.8 160.5 19.3 973.4 2925s
