moldeado_zancada_2 106496 1922.6 1048.6 6.44 629.8 303s
moldeado_zancada_2 212992 3048.2 16.1 8.27 1000.0 660s
moldeado_zancada_2 319488 2985.4 26.5 7.17 1000.0 952s
moldeado_zancada_2 425984 2990.5 7.4 8.62 1000.0 1242s
moldeado_zancada_2 532480 3068.4 16.1 9.06 1000.0 1530s
moldeado_zancada_2 638976 3227.2 6.8 13.34 1000.0 1814s
moldeado_zancada_2 745472 3359.7 12.9 15.43 1000.0 2099s
moldeado_zancada_2 851968 3470.2 8.6 16.94 1000.0 2382s
moldeado_zancada_2 958464 2223.4 1586.9 11.61 639.6 2657s
moldeado_zancada_2 1064960 3587.6 8.9 18.9 1000.0 2934s
