moldeado_sin_vuelo 106496 447.5 170.8 0.85 830.2 497s
moldeado_sin_vuelo 212992 566.6 5.5 2.09 1000.0 976s
moldeado_sin_vuelo 319488 1060.0 57.4 13.86 1000.0 1422s
moldeado_sin_vuelo 425984 1073.3 534.0 17.71 803.8 598s
moldeado_sin_vuelo 532480 1391.6 4.4 21.08 1000.0 1155s
moldeado_sin_vuelo 638976 1408.8 3.8 20.17 1000.0 1663s
moldeado_sin_vuelo 745472 1425.2 7.8 19.88 1000.0 2103s
moldeado_sin_vuelo 851968 1449.8 2.1 19.85 1000.0 2551s
moldeado_sin_vuelo 958464 1453.6 2.4 19.73 1000.0 2928s
moldeado_sin_vuelo 1064960 1451.0 6.5 19.42 1000.0 3282s
